1000
-607 2158
926 466
-572 516
1715 -196
1619 -812
1443 -294
996 2789
1788 -831
400 2011
2588 2554
1360 -649
-608 346
1684 1806
-787 -643
1871 -367
1433 2394
1291 -300
-920 2099
2918 2017
285 1372
2533 -477
2014 907
1201 1665
1003 2541
1776 595
284 2264
1522 1595
2740 459
18 1801
2795 1447
-604 2437
1811 -243
1490 2963
2756 1614
-872 395
1111 2157
1524 1764
-799 -99
2962 855
721 183
1286 2220
-319 -940
2356 1393
2311 347
2031 1900
-980 1199
1542 -862
2849 1460
-590 -859
-934 331
2128 -943
-700 513
2987 609
-46 683
1618 2634
968 2384
-241 973
-82 2960
356 1195
163 -540
2170 2763
675 -185
-563 2328
2868 1469
241 731
1734 223
1617 -978
-647 -64
1472 -205
2430 2544
2473 -337
-636 1526
-433 608
-133 1666
-520 839
304 -171
1481 1154
1069 375
1321 2240
2293 1904
-548 630
410 2536
1592 2130
985 422
1989 1836
-396 -938
1960 1965
-98 -242
225 -684
701 469
1511 -997
-597 1729
-418 2341
2242 -220
-807 2280
1854 2800
917 330
1376 82
2193 1579
586 2812
-472 1100
-763 1691
-501 2886
328 1693
2968 1728
89 1426
1071 1539
2937 238
787 2304
-154 118
1817 338
757 1362
1757 -289
2338 2548
1553 437
124 1335
-555 865
1500 2022
-675 2827
1942 2651
2352 -915
1483 1358
-598 2333
2982 -232
-338 1512
2525 1032
535 -402
1022 -695
-65 433
-937 2002
2804 -515
1858 -157
2898 -42
547 -49
1345 443
250 -913
203 1272
1578 -226
-117 1646
2279 1986
2925 17
798 119
835 1581
1019 132
-957 -624
-709 -780
2207 2372
1405 -126
1466 -740
-618 -119
1441 306
1320 1042
2076 -817
523 -39
1161 -991
2911 2686
1653 826
-534 35
2324 1598
2299 -229
229 -467
2475 -59
670 23
-492 875
-120 -362
2315 863
2230 350
1576 2771
1954 -312
2931 -403
2543 269
137 1012
1179 573
2797 2413
2670 2508
-899 139
-200 1120
141 2188
696 283
-689 -798
2319 -557
1604 -717
999 -748
2305 1493
1348 1265
492 -158
2089 2369
2917 -387
-189 2914
-645 1051
2474 1035
2209 227
1603 -127
-523 2046
421 1315
2371 1229
160 313
645 1695
613 965
-75 1489
1877 548
-308 1599
175 1288
2300 425
2748 2808
1872 2496
1689 -692
1890 -134
16 -163
408 512
-14 1125
2191 1140
2679 278
2402 1521
215 -894
-484 2061
2848 2423
-933 2283
2093 2215
2147 1978
-486 2993
571 415
964 881
932 -43
165 2592
-107 -497
281 1688
-758 906
2469 2851
-922 -17
404 409
-488 1570
8 1193
2291 90
2367 898
1398 614
292 2742
-753 -736
1802 1410
2979 -786
-857 2603
-911 872
-830 -822
2835 2136
1974 722
-304 1795
1843 606
302 2400
-808 -417
870 1504
-143 -397
197 776
1642 -925
26 772
293 1099
2114 -522
684 81
-233 2317
-36 -554
1174 -394
-219 674
-996 -92
-730 282
840 1101
1445 232
1281 1874
-391 -724
48 1169
-868 -33
-11 -410
-426 1014
2480 1724
1185 -714
2755 212
1935 -175
892 871
-437 2734
96 2760
1053 50
-361 2949
485 1139
43 -231
2278 2064
1304 1383
-530 242
-440 566
846 1674
874 -661
1846 -22
1002 1643
1779 2104
-742 1396
528 950
2733 -330
1761 -541
316 -775
1725 1123
1237 1569
1361 1381
2013 2632
2528 267
101 1387
1529 2871
2809 1495
1038 -566
1941 354
265 2139
1347 322
2115 2485
-947 976
1922 1908
2268 -102
625 762
1918 1319
142 1938
1442 2377
1912 1961
1334 1601
1309 563
-187 -129
1718 -614
327 2396
-156 -269
419 -240
1781 171
718 155
198 2996
1028 1972
2883 209
1663 -283
-239 2251
1232 -575
963 2235
1355 -637
1502 1091
841 2526
-276 65
-869 33
-413 2657
-617 1977
660 2836
822 894
-960 -357
1898 1956
-45 -44
1496 -443
1792 947
1166 1256
1964 1243
2318 567
386 40
69 2042
432 413
411 1004
-207 -583
-62 1258
27 2695
106 -498
1821 2041
1656 2120
-574 -81
-40 2941
2312 1394
931 2765
1285 -694
1692 1418
656 324
-248 2901
153 388
301 2047
-629 1339
-2 -881
2828 -38
2205 2453
935 -359
159 1749
192 2192
-19 2282
-919 2137
497 1694
1027 904
-389 -578
-112 1171
1997 -930
403 36
405 1807
120 944
102 644
-152 2287
2003 1494
1926 2375
-234 1979
1670 1883
2605 831
1040 117
2466 2206
-665 2265
-600 2439
1506 -260
1630 1648
-954 -586
-315 2071
1341 1329
2922 1470
-903 1149
2292 -846
1907 2124
878 2103
775 1652
-867 1730
1247 1092
-147 1300
2565 -262
2837 -975
2645 1464
536 1549
1784 1885
-445 -634
2181 -716
-297 2440
1971 -876
1655 2646
1976 -595
1432 998
-538 -53
418 -593
2869 311
1401 1662
2255 1878
538 940
-407 -345
713 1887
2450 -32
1593 314
462 1439
1486 -139
937 -984
2308 -235
-105 -279
454 -723
2884 832
2388 1709
2012 1664
-573 -628
-204 -377
-968 -246
367 45
1822 1568
-458 2863
424 2212
-769 2874
1767 -722
-605 869
-814 1597
-293 113
2146 1451
1556 877
1260 2933
-335 2418
295 2297
1241 -651
2378 -826
759 962
2088 218
2185 1905
633 -419
851 1119
941 2666
2524 2620
1673 2872
2320 970
1613 2262
1566 2557
1850 1746
1889 622
-180 2501
2838 1810
156 1501
-469 -543
1651 2019
-5 -971
886 1453
-936 2412
1548 -542
504 -779
793 -900
1620 380
-746 569
2887 1748
-942 296
-656 -989
2668 382
974 -866
652 820
2497 -299
2675 161
1365 -277
116 580
-453 -368
838 2604
-810 2545
1122 1331
-343 -678
2021 325
451 1755
337 2408
2729 810
1083 14
1194 1913
-850 2365
560 76
1787 1191
2958 98
-448 2153
381 1088
2077 -305
1312 126
2688 1561
2881 2862
990 2406
-762 2483
1980 2961
-836 510
2363 1009
1744 391
1404 1108
2558 2289
1782 236
1282 2973
2988 -804
-298 -16
2921 925
1225 -882
1716 -839
714 2156
154 -184
147 368
726 1127
681 1719
1959 1262
463 -958
444 -281
1143 -116
1722 1921
2562 393
-480 1740
-529 1540
2644 2556
277 -955
2680 1252
-729 2027
1263 1271
2999 1322
1070 -506
-870 -421
1859 54
819 91
977 1034
1499 2403
326 2613
-680 42
1596 -37
1770 2244
-884 74
611 1488
261 2080
2593 509
1200 2492
1103 1585
109 -827
2417 1564
782 255
2366 2845
2833 910
-420 2570
-703 725
-731 1411
2708 1558
-255 2122
1379 2690
1929 1657
524 373
1853 -450
216 272
2129 2386
500 445
2382 1384
-756 1467
1407 663
2275 1246
607 1231
-845 777
2628 2159
2566 -193
275 971
177 2477
2343 669
61 1412
-581 2208
2752 201
1054 224
-137 -409
1224 1586
695 343
178 1209
814 1275
2008 579
-584 -122
2696 1503
-311 -412
-620 1474
1326 -986
-835 -823
-858 -561
-782 -874
-73 -681
-972 986
2532 -66
2419 -644
-513 1305
1129 389
1805 -463
1452 -502
1075 426
621 1167
2783 -376
321 289
-687 -992
-744 514
-596 31
2086 2624
521 984
1187 506
2935 1634
2100 849
199 2460
2672 2709
-511 -57
-423 2226
-727 1048
1219 -688
1824 32
428 752
2463 1146
-908 -79
788 2160
2126 966
-801 -89
-784 -527
1917 1991
2626 -60
2106 -532
2515 -528
2257 -399
544 66
37 812
943 1395
1537 220
-145 2802
824 2035
239 806
1901 2737
1826 1449
1994 -222
1097 2684
213 885
77 2786
1983 829
983 1551
617 1377
2509 1370
2990 1429
1957 2351
-592 -918
1448 -789
-52 2274
2110 1992
246 -192
-21 1962
2814 1636
1330 -969
677 1226
1690 333
52 2638
-702 2138
-750 339
427 1264
-526 868
2546 -27
1831 217
2187 2168
-310 2179
2930 1507
734 1106
747 -514
1793 83
-482 -327
1958 -491
-142 2616
-993 498
1711 -224
-638 -967
2248 2337
2661 821
1855 -456
2331 2989
746 1520
450 -621
-667 992
-3 1612
2998 1115
-485 2127
770 2594
315 -781
1141 2953
2564 1324
1886 2032
1720 2816
195 105
2576 1984
-454 1400
647 1369
2183 162
-266 -659
2738 912
-579 1543
-55 2542
2864 1289
-322 739
1279 2449
251 1302
1073 2715
2610 370
1189 -754
753 1386
417 -321
2699 800
2585 -849
1676 1975
-132 2764
2037 1939
-68 360
1875 1181
-924 559
-499 -442
230 2182
-291 -674
2348 1857
2637 989
1151 2219
1208 -238
1626 2302
817 1476
1267 206
2537 -726
1248 2891
2119 2295
-953 -639
2015 938
1777 2399
568 2025
-280 590
866 -983
-792 1406
2267 1915
-290 890
1008 -622
2932 2652
552 -151
755 618
447 -94
577 -569
809 2006
2792 1667
1010 2534
2726 2239
1803 1155
2336 1210
1351 2775
2902 1047
1658 1550
1428 -7
2611 235
-109 1107
2467 -926
1259 2082
-237 1756
1461 -773
430 -13
616 -719
858 -956
-770 -183
-650 582
-270 496
-803 1827
271 -728
1659 -505
323 129
700 2855
-74 7
2169 766
703 1696
446 -672
558 1117
2134 -161
-131 2407
-247 2687
1731 884
2345 1525
2059 1218
-655 2964
2704 0
2803 -153
1999 2095
1765 2055
2751 1841
2454 -517
-206 2622
-735 -190
1571 2716
2655 1870
493 808
2741 2977
735 1303
2567 1390
949 2197
2140 1314
2506 2847
2488 732
-128 1945
581 2223
-496 2231
712 1255
2507 1813
1594 -547
1557 -278
1609 1650
-176 1591
1623 1606
1216 2023
-518 2512
-287 164
836 2547
2810 887
-371 1510
601 1953
-878 661
673 1629
2290 1840
2201 438
38 1705
231 531
1927 2986
-106 108
78 144
2349 -271
2843 2801
879 2486
-213 2062
-369 1
2519 1024
1785 911
1131 2674
-146 2028
-328 2571
2421 2472
685 2190
1766 594
-349 1995
-828 157
-215 -160
174 1590
-705 2054
-111 2306
1574 2389
1382 2236
205 2770
-455 193
-768 -191
-950 -571
-431 2807
2559 2568
2793 1628
1638 2929
2825 861
2316 2195
2870 2471
2926 2877
84 2609
115 -606
2217 -627
1085 1147
716 -172
1323 2487
1944 2090
993 2141
610 1228
1145 1849
1164 19
2322 1152
73 2340
1043 2452
751 1815
2722 1273
-203 -427
442 987
-988 -436
680 99
785 2631
1041 -757
634 -883
929 -341
-195 -732
592 1093
-392 2252
376 1254
484 439
483 112
2416 2908
2563 385
2296 1039
2072 -177
1968 919
-282 -965
-199 2627
1880 1682
390 1687
260 2500
435 791
2714 2495
-386 -718
2385 1090
-806 -336
1485 22
2701 191
-725 -464
-890 760
1669 802
1253 2301
-623 1363
-489 1340
946 1202
-509 1188
6 1425
1930 889
-398 -587
2234 -832
214 1575
2811 297
2959 1987
2976 2905
1203 2980
2955 287
349 149
2972 -898
697 2357
2155 -821
-747 -6
10 131
2817 1678
-309 738
-935 2083
2625 2018
256 2767
1866 2681
-174 -382
1946 1025
951 2656
2229 145
-842 -494
-474 -306
-840 526
2058 -395
936 2426
2784 434
49 1057
767 -558
453 -130
1215 599
167 927
2618 -100
379 1533
900 1284
1397 2725
2945 2398
583 -813
1988 834
2065 2582
2517 1621
2781 2447
9 1497
335 -921
790 1402
576 2650
1812 92
527 2923
2649 2880
128 -710
125 355
2044 1771
