100
-33 -85
208 30
211 27
147 257
240 120
134 260
-6 270
125 291
130 238
12 111
68 61
194 236
229 93
-32 -90
6 -70
59 -99
81 274
179 285
215 -30
33 -98
219 135
232 243
132 121
272 133
-18 224
74 123
264 38
248 271
51 178
-36 218
44 217
265 0
71 -45
159 -29
252 221
-92 83
-94 97
41 -12
104 206
127 225
255 154
226 247
-91 -42
5 64
185 -37
35 99
9 205
-93 142
37 -79
72 107
213 223
29 -3
-76 -10
202 46
57 88
246 84
115 195
15 145
197 -8
164 -9
39 73
158 -62
181 136
90 -2
78 119
-95 101
-38 109
174 245
250 286
126 153
60 128
190 24
-5 124
200 -50
17 10
96 175
118 261
16 -100
95 160
-7 75
-1 -34
276 212
148 -28
-74 -80
131 80
189 48
165 58
192 180
40 289
-78 31
139 91
259 -97
253 278
-58 116
294 169
-57 199
23 34
-77 70
-96 -49
-68 -35
